# Written by the BoltzWann module of the Wannier90 code.
# [Electrical conductivity in SI units, i.e. in 1/Ohm/m]
# Mu(eV) Temp(K) ElCond_xx ElCond_xy ElCond_yy ElCond_xz ElCond_yz ElCond_zz
  -4.439610813       300.0000000       5365.902924       284.6417083       775.4260096       6.973764686      -1.026234754      0.1529100988E-01
  -4.434610813       300.0000000       4673.042153       256.3526925       699.6348098       6.025440614     -0.9278424077      0.1318962438E-01
  -4.429610813       300.0000000       4040.371585       228.1486317       623.7349957       5.173222276     -0.8283346309      0.1130922402E-01
  -4.424610813       300.0000000       3470.537729       200.8855942       550.0687863       4.416301360     -0.7311724030      0.9644577779E-02
  -4.419610813       300.0000000       2963.602202       175.2009402       480.4175922       3.751043094     -0.6389640438      0.8185198991E-02
  -4.414610813       300.0000000       2517.559169       151.5196775       415.9989533       3.171768347     -0.5534870533      0.6916876419E-02
  -4.409610813       300.0000000       2128.886819       130.0789976       357.5198736       2.671479839     -0.4757821035      0.5823085511E-02
  -4.404610813       300.0000000       1793.068950       110.9626045       305.2626598       2.242485183     -0.4062857101      0.4886196989E-02
  -4.399610813       300.0000000       1505.045891       94.13782955       259.1826376       1.876894619     -0.3449739578      0.4088441910E-02
  -4.394610813       300.0000000       1259.575448       79.49061064       219.0028292       1.566991275     -0.2914980540      0.3412628158E-02
  -4.389610813       300.0000000       1051.501292       66.85550693       184.2966608       1.305485259     -0.2453007356      0.2842628774E-02
  -4.384610813       300.0000000       875.9369805       56.03961178       154.5547413       1.085670142     -0.2057091586      0.2363677282E-02
  -4.379610813       300.0000000       728.3794761       46.84039008       129.2352405      0.9015028349     -0.1720043879      0.1962510632E-02
  -4.374610813       300.0000000       604.7677087       39.05813243       107.7994627      0.7476270062     -0.1434701658      0.1627399488E-02
  -4.369610813       300.0000000       501.5009259       32.50400790       89.73515994      0.6193575503     -0.1194247357      0.1348100764E-02
  -4.364610813       300.0000000       415.4294974       27.00473785       74.57034270      0.5126402333     -0.9923964482E-01  0.1115760853E-02
  -4.359610813       300.0000000       343.8282701       22.40481508       61.88012805      0.4239972723     -0.8234906806E-01  0.9227913859E-03
  -4.354610813       300.0000000       284.3600767       18.56703441       51.28875798      0.3504665959     -0.6825258720E-01  0.7627332682E-03
  -4.349610813       300.0000000       235.0348261       15.37193099       42.46846143      0.2895400765     -0.5651370923E-01  0.6301198210E-03
  -4.344610813       300.0000000       194.1678478       12.71656782       35.13640785      0.2391041226     -0.4675581607E-01  0.5203459109E-03
  -4.339610813       300.0000000       160.3398246       10.51298469       29.05064094      0.1973846172     -0.3865674495E-01  0.4295470988E-03
  -4.334610813       300.0000000       132.3596719       8.686519930       24.00559808      0.1628972061     -0.3194281348E-01  0.3544907874E-03
  -4.329610813       300.0000000       109.2310437       7.174140952       19.82760761      0.1344032736     -0.2638281562E-01  0.2924799799E-03
  -4.324610813       300.0000000       90.12268834       5.922865189       16.37060300      0.1108715217     -0.2178230793E-01  0.2412693840E-03
  -4.319610813       300.0000000       74.34259418       4.888315853       13.51218583      0.9144481689E-01 -0.1797836201E-01  0.1989930767E-03
  -4.314610813       300.0000000       61.31569130       4.033431750       11.15009785      0.7541183425E-01 -0.1483486331E-01  0.1641026747E-03
  -4.309610813       300.0000000       50.56478974       3.327334492       9.199116460      0.6218297538E-01 -0.1223837496E-01  0.1353148455E-03
  -4.304610813       300.0000000       41.69439717       2.744346780       7.588359617      0.5127002969E-01 -0.1009454761E-01  0.1115669940E-03
  -4.299610813       300.0000000       34.37705723       2.263150106       6.258970540      0.4226907505E-01 -0.8325035596E-02  0.9198001616E-04
  -4.294610813       300.0000000       28.34186717       1.866067705       5.162144810      0.3484615393E-01 -0.6864869293E-02  0.7582710477E-04
  -4.289610813       300.0000000       23.36486198       1.538457888       4.257460027      0.2872531023E-01 -0.5660230492E-02  0.6250770013E-04
  -4.284610813       300.0000000       19.26098485       1.268203275       3.511468880      0.2367862147E-01 -0.4666578454E-02  0.5152578870E-04
  -4.279610813       300.0000000       15.87739843       1.045282463       2.896519000      0.1951791005E-01 -0.3847077807E-02  0.4247185878E-04
  -4.274610813       300.0000000       13.08792353      0.8614119340       2.389766396      0.1608786163E-01 -0.3171283957E-02  0.3500792093E-04
  -4.269610813       300.0000000       10.78842273      0.7097474612       1.972353040      0.1326031939E-01 -0.2614046740E-02  0.2885508855E-04
  -4.264610813       300.0000000       8.892973222      0.5846356087       1.628722906      0.1092955819E-01 -0.2154598036E-02  0.2378329211E-04
  -4.259610813       300.0000000       7.330697447      0.4814072589       1.346054362      0.9008373938E-02 -0.1775793799E-02  0.1960276788E-04
  -4.254610813       300.0000000       6.043140714      0.3962062622       1.113790013      0.7424849785E-02 -0.1463485254E-02  0.1615702017E-04
  -4.249610813       300.0000000       4.982103091      0.3258473605      0.9232479948      0.6119683692E-02 -0.1205997853E-02  0.1331700532E-04
  -4.244610813       300.0000000       4.107847971      0.2676984457      0.7673012705      0.5043980953E-02 -0.9936999030E-03  0.1097632777E-04
  -4.239610813       300.0000000       3.387622705      0.2195830044      0.6401136381      0.4157431567E-02 -0.8186457156E-03  0.9047273768E-05
  -4.234610813       300.0000000       2.794437553      0.1796992705      0.5369230775      0.3426805858E-02 -0.6742805519E-03  0.7457537680E-05
  -4.229610813       300.0000000       2.306058330      0.1465531757      0.4538646522      0.2824713156E-02 -0.5551967717E-03  0.6147520843E-05
  -4.224610813       300.0000000       1.904175770      0.1189026667      0.3878265642      0.2328577786E-02 -0.4569323500E-03  0.5068103370E-05
  -4.219610813       300.0000000       1.573720990      0.9571135698E-01  0.3363341224      0.1919794521E-02 -0.3758044188E-03  0.4178806541E-05
  -4.214610813       300.0000000       1.302301743      0.7610981400E-01  0.2974573813      0.1583032195E-02 -0.3087717324E-03  0.3446277662E-05
  -4.209610813       300.0000000       1.079738571      0.5936305372E-01  0.2697390615      0.1305659607E-02 -0.2533209986E-03  0.2843041114E-05
  -4.204610813       300.0000000      0.8976836116      0.4484304278E-01  0.2521400965      0.1077272367E-02 -0.2073728752E-03  0.2346469103E-05
  -4.199610813       300.0000000      0.7493078906      0.3200518765E-01  0.2440007982      0.8893030259E-03 -0.1692041533E-03  0.1937933772E-05
  -4.194610813       300.0000000      0.6290454333      0.2036793724E-01  0.2450162073      0.7346999726E-03 -0.1373832365E-03  0.1602109013E-05
  -4.189610813       300.0000000      0.5323846532      0.9494739315E-02  0.2552247193      0.6076630813E-03 -0.1107165178E-03  0.1326395924E-05
  -4.184610813       300.0000000      0.4556992270     -0.1022322511E-02  0.2750095694      0.5034262433E-03 -0.8820365640E-04  0.1100450423E-05
  -4.179610813       300.0000000      0.3961121324     -0.1157782238E-01  0.3051132399      0.4180786420E-03 -0.6900008467E-04  0.9157953538E-06
  -4.174610813       300.0000000      0.3513877668     -0.2256778843E-01  0.3466653331      0.3484180832E-03 -0.5238534682E-04  0.7655025604E-06
  -4.169610813       300.0000000      0.3198481069     -0.3440455527E-01  0.4012249590      0.2918308920E-03 -0.3773608460E-04  0.6439330347E-06
  -4.164610813       300.0000000      0.3003097733     -0.4753222901E-01  0.4708392278      0.2461938734E-03 -0.2450265962E-04  0.5465253982E-06
  -4.159610813       300.0000000      0.2920396409     -0.6244334385E-01  0.5581200398      0.2097946668E-03 -0.1218853729E-04  0.4696247953E-06
  -4.154610813       300.0000000      0.2947273330     -0.7969733422E-01  0.6663420519      0.1812675080E-03 -0.3316596070E-06  0.4103457842E-06
  -4.149610813       300.0000000      0.3084735672     -0.9994151400E-01  0.7995654891      0.1595419901E-03  0.1151289103E-04  0.3664640866E-06
  -4.144610813       300.0000000      0.3337939138     -0.1239353483      0.9627883998      0.1438029036E-03  0.2378958756E-04  0.3363331369E-06
  -4.139610813       300.0000000      0.3716381066     -0.1525789258       1.162134054      0.1334596478E-03  0.3695913995E-04  0.3188223024E-06
  -4.134610813       300.0000000      0.4234256228     -0.1869466958       1.405080491      0.1281240675E-03  0.5151578942E-04  0.3132744563E-06
  -4.129610813       300.0000000      0.4910988604     -0.2283277315       1.700740805      0.1275958820E-03  0.6800586513E-04  0.3194813107E-06
  -4.124610813       300.0000000      0.5771958945     -0.2782740198       2.060204621      0.1318551594E-03  0.8704830133E-04  0.3376755840E-06
  -4.119610813       300.0000000      0.6849455235     -0.3386585803       2.496953527      0.1410615512E-03  0.1093578874E-03  0.3685397056E-06
  -4.114610813       300.0000000      0.8183881412     -0.4117455744       3.027365920      0.1555602572E-03  0.1357721268E-03  0.4132313796E-06
  -4.109610813       300.0000000      0.9825269303     -0.5002750096       3.671330073      0.1758949400E-03  0.1672827195E-03  0.4734269613E-06
  -4.104610813       300.0000000       1.183514985     -0.6075651798       4.452988190      0.2028280669E-03  0.2050728554E-03  0.5513842637E-06
  -4.099610813       300.0000000       1.428885290     -0.7376366270       5.401639028      0.2373694360E-03  0.2505617337E-03  0.6500271368E-06
  -4.094610813       300.0000000       1.727832056     -0.8953621944       6.552832480      0.2808139411E-03  0.3054579942E-03  0.7730549704E-06
  -4.089610813       300.0000000       2.091553756      -1.086648677       7.949696434      0.3347899768E-03  0.3718240935E-03  0.9250811996E-06
  -4.084610813       300.0000000       2.533670449      -1.318656705       9.644544647      0.4013202686E-03  0.4521540816E-03  0.1111805962E-05
  -4.079610813       300.0000000       3.070730605      -1.600066850       11.70082439      0.4828973733E-03  0.5494677550E-03  0.1340229318E-05
  -4.074610813       300.0000000       3.722825819      -1.941401537       14.19547460      0.5825766182E-03  0.6674248038E-03  0.1618912930E-05
  -4.069610813       300.0000000       4.514335533      -2.355414284       17.22177969      0.7040898817E-03  0.8104633623E-03  0.1958299879E-05
  -4.064610813       300.0000000       5.474828328      -2.857560012       20.89282097      0.8519843510E-03  0.9839683453E-03  0.2371104387E-05
  -4.059610813       300.0000000       6.640151578      -3.466562851       25.34564797      0.1031791273E-02  0.1194476154E-02  0.2872785769E-05
  -4.054610813       300.0000000       8.053747380      -4.205100914       30.74631530      0.1250230747E-02  0.1449923831E-02  0.3482123896E-05
  -4.049610813       300.0000000       9.768239749      -5.100631073       37.29595823      0.1515459836E-02  0.1759952581E-02  0.4221917105E-05
  -4.044610813       300.0000000       11.84734626      -6.186380758       45.23811166      0.1837372688E-02  0.2136277897E-02  0.5119827696E-05
  -4.039610813       300.0000000       14.36817647      -7.502538267       54.86751320      0.2227963049E-02  0.2593141403E-02  0.6209405268E-05
  -4.034610813       300.0000000       17.42398966      -9.097677847       66.54067065      0.2701761469E-02  0.3147863144E-02  0.7531324106E-05
  -4.029610813       300.0000000       21.12749538      -11.03046074       80.68851762      0.3276361686E-02  0.3821517638E-02  0.9134877848E-05
  -4.024610813       300.0000000       25.61479143      -13.37165813       97.83152582      0.3973053174E-02  0.4639762807E-02  0.1107978284E-04
  -4.019610813       300.0000000       31.05004467      -16.20654573       118.5976860      0.4817579523E-02  0.5633858245E-02  0.1343835106E-04
  -4.014610813       300.0000000       37.63102868      -19.63772207       143.7438070      0.5841045203E-02  0.6841918771E-02  0.1629810411E-04
  -4.009610813       300.0000000       45.59563719      -23.78840112       174.1806055      0.7080996172E-02  0.8310461260E-02  0.1976491212E-04
  -4.004610813       300.0000000       55.22948940      -28.80622350       211.0020558      0.8582702478E-02  0.1009631829E-01  0.2396675417E-04
  -3.999610813       300.0000000       66.87472915      -34.86761517       255.5194223      0.1040067314E-01  0.1226901208E-01  0.2905821135E-04
  -3.994610813       300.0000000       80.94008627      -42.18269365       309.3002784      0.1260043451E-01  0.1491370766E-01  0.3522581740E-04
  -3.989610813       300.0000000       97.91220795      -51.00067382       374.2125940      0.1526060245E-01  0.1813489668E-01  0.4269440565E-04
  -3.984610813       300.0000000       118.3681667      -61.61564839       452.4735899      0.1847527433E-01  0.2206100382E-01  0.5173460176E-04
  -3.979610813       300.0000000       142.9888959      -74.37250232       546.7024592      0.2235675842E-01  0.2685015781E-01  0.6267161864E-04
  -3.974610813       300.0000000       172.5730757      -89.67255101       659.9751514      0.2703864294E-01  0.3269742877E-01  0.7589550851E-04
  -3.969610813       300.0000000       208.0506720      -107.9782548       795.8781167      0.3267918338E-01  0.3984390066E-01  0.9187301510E-04
  -3.964610813       300.0000000       250.4949081      -129.8160398       958.5561209      0.3946495287E-01  0.4858801795E-01  0.1111611401E-03
  -3.959610813       300.0000000       301.1309156      -155.7758388       1152.746883      0.4761465504E-01  0.5929970565E-01  0.1344224895E-03
  -3.954610813       300.0000000       361.3386908      -186.5054535       1383.792350      0.5738294472E-01  0.7243779126E-01  0.1624423927E-03
  -3.949610813       300.0000000       432.6473438      -222.6972570       1657.612999      0.6906404534E-01  0.8857121732E-01  0.1961476881E-03
  -3.944610813       300.0000000       516.7170938      -265.0641672       1980.627993      0.8299491044E-01  0.1084043694      0.2366269530E-03
  -3.939610813       300.0000000       615.3052613      -314.3013540       2359.600907      0.9955768258E-01  0.1328064789      0.2851518303E-03
  -3.934610813       300.0000000       730.2129501      -371.0299997       2801.389248      0.1191813089      0.1628444024      0.3431990083E-03
  -3.929610813       300.0000000       863.2105831      -435.7199087       3312.577556      0.1423424592      0.1998170477      0.4124723750E-03
  -3.924610813       300.0000000       1015.943326      -508.5892163       3898.980494      0.1695664614      0.2452882832      0.4949249662E-03
  -3.919610813       300.0000000       1189.821858      -589.4822087       4565.015780      0.2014299247      0.3011134353      0.5927806077E-03
  -3.914610813       300.0000000       1385.909632      -677.7305216       5312.968364      0.2385681252      0.3694527591      0.7085556693E-03
  -3.909610813       300.0000000       1604.823716      -772.0085227       6142.196127      0.2816920058      0.4527641828      0.8450820762E-03
  -3.904610813       300.0000000       1846.670695      -870.1997044       7048.360512      0.3316214911      0.5537680213      0.1005533566E-02
  -3.899610813       300.0000000       2111.039676      -969.2959418       8022.796372      0.3893430797      0.6753791825      0.1193457888E-02
  -3.894610813       300.0000000       2397.069132      -1065.353503       9052.155248      0.4560993902      0.8206082099      0.1412817867E-02
  -3.889610813       300.0000000       2703.592820      -1153.526793       10118.45608      0.5335153813      0.9924409979      0.1668043588E-02
  -3.884610813       300.0000000       3029.354132      -1228.191960       11199.65056      0.6237595563       1.193716499      0.1964096157E-02
  -3.879610813       300.0000000       3373.262874      -1283.158356       12270.75563      0.7297287160       1.427029196      0.2306540530E-02
  -3.874610813       300.0000000       3734.658949      -1311.949404       13305.52821      0.8552331990       1.694684976      0.2701621509E-02
  -3.869610813       300.0000000       4113.548126      -1308.119936       14278.56848       1.005148845       1.998732535      0.3156333963E-02
  -3.864610813       300.0000000       4510.785728      -1265.569164       15167.65207       1.185495490       2.341077217      0.3678476940E-02
  -3.859610813       300.0000000       4928.199624      -1178.809908       15956.02371       1.403402423       2.723663001      0.4276681681E-02
  -3.854610813       300.0000000       5368.656096      -1043.165248       16634.34988       1.666929981       3.148686493      0.4960404508E-02
  -3.849610813       300.0000000       5836.073478      -854.8803380       17202.03439       1.984732186       3.618790332      0.5739874380E-02
  -3.844610813       300.0000000       6335.376680      -611.1548182       17667.65543       2.365565225       4.137176551      0.6625978363E-02
  -3.839610813       300.0000000       6872.365953      -310.1159352       18048.38061       2.817666848       4.707584461      0.7630055135E-02
  -3.834610813       300.0000000       7453.456826       49.23815060       18368.34950       3.348048842       5.334090901      0.8763549942E-02
  -3.829610813       300.0000000       8085.247606       467.0912912       18656.16022       3.961756035       6.020710757      0.1003747222E-01
  -3.824610813       300.0000000       8773.893818       942.8249340       18941.73451       4.661150105       6.770800318      0.1146160027E-01
  -3.819610813       300.0000000       9524.313579       1474.966197       19252.93850       5.445275938       7.586293913      0.1304340465E-01
  -3.814610813       300.0000000       10339.30167       2061.045678       19612.38107       6.309365131       8.466833119      0.1478671459E-01
  -3.809610813       300.0000000       11218.67467       2697.354977       20034.78904       7.244528104       9.408873440      0.1669022044E-01
  -3.804610813       300.0000000       12158.58811       3378.612761       20525.26975       8.237683778       10.40487035      0.1874597300E-01
  -3.799610813       300.0000000       13151.15118       4097.571802       21078.63696       9.271771759       11.44265069      0.2093808985E-01
  -3.794610813       300.0000000       14184.42002       4844.624220       21679.82244       10.32628248       12.50506574      0.2324189581E-01
  -3.789610813       300.0000000       15242.79123       5607.482724       22305.25573       11.37812171       13.57000243      0.2562370554E-01
  -3.784610813       300.0000000       16307.76101       6371.026366       22924.99124       12.40279575       14.61080263      0.2804140363E-01
  -3.779610813       300.0000000       17358.97576       7117.395228       23505.30777       13.37586516       15.59711002      0.3044589708E-01
  -3.774610813       300.0000000       18375.48209       7826.396950       24011.49821       14.27457216       16.49612954      0.3278341670E-01
  -3.769610813       300.0000000       19337.08472       8476.249362       24410.59541       15.07950959       17.27424322      0.3499853627E-01
  -3.764610813       300.0000000       20225.73121       9044.632608       24673.82875       15.77617457       17.89888116      0.3703767787E-01
  -3.759610813       300.0000000       21026.85460       9509.970221       24778.66240       16.35624672       18.34050364      0.3885279378E-01
  -3.754610813       300.0000000       21730.61241       9852.813920       24710.32007       16.81845215       18.57452124      0.4040487515E-01
  -3.749610813       300.0000000       22332.96124       10057.18294       24462.74837       17.16891934       18.58297361      0.4166694261E-01
  -3.744610813       300.0000000       22836.50012       10111.71187       24039.00792       17.42099092       18.35580857      0.4262621871E-01
  -3.739610813       300.0000000       23251.00598       10010.48926       23451.10809       17.59451275       17.89164678      0.4328525530E-01
  -3.734610813       300.0000000       23593.57334       9753.514206       22719.31804       17.71466300       17.19797284      0.4366187366E-01
  -3.729610813       300.0000000       23888.26342       9346.745836       21870.99679       17.81040171       16.29075005      0.4378786146E-01
  -3.724610813       300.0000000       24165.17259       8801.763508       20938.99503       17.91261766       15.19350588      0.4370645554E-01
  -3.719610813       300.0000000       24458.85639       8135.086609       19959.69670       18.05203819       13.93597529      0.4346872856E-01
  -3.714610813       300.0000000       24806.10314       7367.225459       18970.79574       18.25696713       12.55242028      0.4312909992E-01
  -3.709610813       300.0000000       25243.14276       6521.550211       18008.94226       18.55094135       11.07976554      0.4274031100E-01
  -3.704610813       300.0000000       25802.49384       5623.074151       17107.43444       18.95044927       9.555699399      0.4234833476E-01
  -3.699610813       300.0000000       26509.76999       4697.248848       16294.16534       19.46292257       8.016882512      0.4198780100E-01
  -3.694610813       300.0000000       27380.84917       3768.857812       15590.04002       20.08526590       6.497380962      0.4167856600E-01
  -3.689610813       300.0000000       28419.82055       2861.072275       15008.04762       20.80319736       5.027400532      0.4142398850E-01
  -3.684610813       300.0000000       29618.04094       1994.702025       14553.10382       21.59161066       3.632353890      0.4121126643E-01
  -3.679610813       300.0000000       30954.46507       1187.644306       14222.68193       22.41603755       2.332254680      0.4101386091E-01
  -3.674610813       300.0000000       32397.19725       454.5129060       14008.14552       23.23511126       1.141410084      0.4079566072E-01
  -3.669610813       300.0000000       33906.00514      -193.5783741       13896.60258       24.00375476      0.6837670434E-01  0.4051622584E-01
  -3.664610813       300.0000000       35435.39186      -749.1003047       13873.03880       24.67669143     -0.8838534366      0.4013628600E-01
  -3.659610813       300.0000000       36937.77495      -1208.073847       13922.46214       25.21183420      -1.717468045      0.3962269820E-01
  -3.654610813       300.0000000       38366.36892      -1569.920103       14031.80211       25.57315771      -2.439285305      0.3895226039E-01
  -3.649610813       300.0000000       39677.48751      -1837.192128       14191.34734       25.73277614      -3.060081771      0.3811406095E-01
  -3.644610813       300.0000000       40832.13197      -2015.186673       14395.56619       25.67209883      -3.593844265      0.3711032917E-01
  -3.639610813       300.0000000       41796.87766      -2111.441920       14643.23164       25.38208028      -4.056990668      0.3595597175E-01
  -3.634610813       300.0000000       42544.18625      -2135.142472       14936.85792       24.86269390      -4.467593366      0.3467710517E-01
  -3.629610813       300.0000000       43052.34359      -2096.472642       15281.54571       24.12182870      -4.844621859      0.3330892552E-01
  -3.624610813       300.0000000       43305.24834      -2005.977647       15683.41316       23.17383543      -5.207204087      0.3189322309E-01
  -3.619610813       300.0000000       43292.25505      -1874.001743       16147.84622       22.03793994      -5.573895628      0.3047578091E-01
  -3.614610813       300.0000000       43008.21237      -1710.266076       16677.81855       20.73670690      -5.961945856      0.2910382272E-01
  -3.609610813       300.0000000       42453.74196      -1523.625456       17272.50360       19.29468744      -6.386559732      0.2782361435E-01
  -3.604610813       300.0000000       41635.69371      -1322.007431       17926.33491       17.73732906      -6.860169141      0.2667827797E-01
  -3.599610813       300.0000000       40567.61111      -1112.499304       18628.58429       16.09017574      -7.391742952      0.2570584926E-01
  -3.594610813       300.0000000       39269.97291      -901.5201647       19363.44405       14.37834675      -7.986175738      0.2493758693E-01
  -3.589610813       300.0000000       37769.96646      -695.0031112       20110.53828       12.62625740      -8.643799106      0.2439652920E-01
  -3.584610813       300.0000000       36100.60735      -498.5192788       20845.76015       10.85753168      -9.360057493      0.2409628363E-01
  -3.579610813       300.0000000       34299.14516      -317.2961315       21542.33421       9.095050078      -10.12538441      0.2404003923E-01
  -3.574610813       300.0000000       32404.86185      -156.1113107       22172.02456       7.361069621      -10.92530805      0.2421980935E-01
  -3.569610813       300.0000000       30456.53478      -19.07379800       22706.43598       5.677344298      -11.74080823      0.2461595161E-01
  -3.564610813       300.0000000       28489.94888       90.66838581       23118.37042       4.065164747      -12.54893919      0.2519706041E-01
  -3.559610813       300.0000000       26535.86119       171.2337673       23383.20028       2.545235402      -13.32372311      0.2592037386E-01
  -3.554610813       300.0000000       24618.73240       222.2552800       23480.20205       1.137324628      -14.03730422      0.2673285819E-01
  -3.549610813       300.0000000       22756.36939       245.0026300       23393.77097     -0.1403358462      -14.66133347      0.2757311108E-01
  -3.544610813       300.0000000       20960.42315       242.3310644       23114.42223      -1.271866808      -15.16852849      0.2837415176E-01
  -3.539610813       300.0000000       19237.52109       218.4423085       22639.48551      -2.244675245      -15.53432723      0.2906704928E-01
  -3.534610813       300.0000000       17590.72411       178.4834917       21973.42130      -3.050363004      -15.73852850      0.2958520112E-01
  -3.529610813       300.0000000       16020.99909       128.0445397       21127.72095      -3.685454380      -15.76679186      0.2986893889E-01
  -3.524610813       300.0000000       14528.46653       72.63353366       20120.39013      -4.151809319      -15.61185694      0.2987003108E-01
  -3.519610813       300.0000000       13113.28462       17.20852426       18975.04854      -4.456639375      -15.27434111      0.2955559295E-01
  -3.514610813       300.0000000       11776.13148      -34.17407523       17719.70446      -4.612106256      -14.76299199      0.2891091398E-01
  -3.509610813       300.0000000       10518.32329      -78.56248082       16385.28347      -4.634542304      -14.09431135      0.2794078658E-01
  -3.504610813       300.0000000       9341.652097      -114.1610201       15004.00776      -4.543378603      -13.29153138      0.2666907055E-01
  -3.499610813       300.0000000       8248.045363      -140.2508187       13607.73815      -4.359895749      -12.38300858      0.2513644985E-01
  -3.494610813       300.0000000       7239.148785      -157.0152429       12226.40202      -4.105924947      -11.40018879      0.2339660342E-01
  -3.489610813       300.0000000       6315.920871      -165.3114092       10886.63159      -3.802624499      -10.37537073      0.2151126743E-01
  -3.484610813       300.0000000       5478.307490      -166.4272162       9610.722059      -3.469440036      -9.339532062      0.1954484885E-01
  -3.479610813       300.0000000       4725.040004      -161.8561110       8415.985849      -3.123327548      -8.320469329      0.1755930549E-01
  -3.474610813       300.0000000       4053.574389      -153.1115330       7314.531318      -2.778279827      -7.341441330      0.1560991639E-01
  -3.469610813       300.0000000       3460.164299      -141.5919614       6313.440344      -2.445155381      -6.420410130      0.1374235461E-01
  -3.464610813       300.0000000       2940.041814      -128.4976552       5415.272086      -2.131771863      -5.569871118      0.1199120475E-01
  -3.459610813       300.0000000       2487.668271      -114.7928651       4618.789703      -1.843200316      -4.797178003      0.1037981479E-01
  -3.454610813       300.0000000       2097.014923      -101.2031339       3919.797758      -1.582185449      -4.105217530      0.8921192792E-02
  -3.449610813       300.0000000       1761.837873      -88.23607322       3311.988713      -1.349620201      -3.493275462      0.7619578264E-02
  -3.444610813       300.0000000       1475.921059      -76.21500827       2787.720763      -1.145015952      -2.957952995      0.6472326841E-02
  -3.439610813       300.0000000       1233.271967      -65.31713408       2338.678376     -0.9669277055      -2.494028262      0.5471815038E-02
  -3.434610813       300.0000000       1028.264643      -55.61047176       1956.394194     -0.8133116270      -2.095198052      0.4607165661E-02
  -3.429610813       300.0000000       855.7321166      -47.08632687       1632.632378     -0.6818072810      -1.754670924      0.3865685827E-02
  -3.424610813       300.0000000       711.0150185      -39.68583103       1359.647474     -0.5699474473      -1.465609764      0.3233982616E-02
  -3.419610813       300.0000000       589.9753319      -33.32041468       1130.340072     -0.4753045785      -1.221438676      0.2698770784E-02
  -3.414610813       300.0000000       488.9845060      -27.88679209       938.3324635     -0.3955856054      -1.016037319      0.2247414461E-02
  -3.409610813       300.0000000       404.8942731      -23.27737148       777.9861192     -0.3286870309     -0.8438479087      0.1868255503E-02
  -3.404610813       300.0000000       334.9970665      -19.38707484       644.3796121     -0.2727210744     -0.6999183405      0.1550781062E-02
  -3.399610813       300.0000000       276.9813463      -16.11747561       533.2618073     -0.2260218127     -0.5799013648      0.1285676799E-02
  -3.394610813       300.0000000       228.8856578      -13.37901971       440.9914577     -0.1871383188     -0.4800255666      0.1064803650E-02
  -3.389610813       300.0000000       189.0540011      -11.09193560       364.4711301     -0.1548200136     -0.3970499550      0.8811272532E-03
  -3.384610813       300.0000000       156.0941070      -9.186290920       301.0808031     -0.1279979426     -0.3282105812      0.7286212848E-03
  -3.379610813       300.0000000       128.8394890      -7.601526949       248.6145005     -0.1057645035     -0.2711648909      0.6021595173E-03
  -3.374610813       300.0000000       106.3156301      -6.285702976       205.2218893     -0.8735325947E-01 -0.2239374680      0.4974063777E-03
  -3.369610813       300.0000000       87.71032085      -5.194606528       169.3557704     -0.7211982816E-01 -0.1848693355      0.4107120996E-03
  -3.364610813       300.0000000       72.34795335      -4.290830498       139.7257256     -0.5952438514E-01 -0.1525719450      0.3390159289E-03
  -3.359610813       300.0000000       59.66745779      -3.542879009       115.2577654     -0.4911602140E-01 -0.1258862919      0.2797590481E-03
  -3.354610813       300.0000000       49.20350787      -2.924337056       95.05957706     -0.4051899947E-01 -0.1038471513      0.2308077081E-03
  -3.349610813       300.0000000       40.57060945      -2.413121130       78.39084879     -0.3342083530E-01 -0.8565216752E-01  0.1903863302E-03
  -3.344610813       300.0000000       33.44969615      -1.990816539       64.63809830     -0.2756206768E-01 -0.7063538713E-01  0.1570199135E-03
  -3.339610813       300.0000000       27.57688205      -1.642100140       53.29343593     -0.2272754530E-01 -0.5824476098E-01  0.1294848762E-03
  -3.334610813       300.0000000       22.73405499      -1.354243147       43.93672500     -0.1873905259E-01 -0.4802313271E-01  0.1067673733E-03
  -3.329610813       300.0000000       18.74103014      -1.116686657       36.22064815     -0.1544909979E-01 -0.3959224755E-01  0.8802814529E-04
  -3.324610813       300.0000000       15.44901916     -0.9206817099       29.85824152     -0.1273571408E-01 -0.3263935221E-01  0.7257299785E-04
  -3.319610813       300.0000000       12.73520406     -0.7589857383       24.61251313     -0.1049808467E-01 -0.2690600004E-01  0.5982809874E-04
  -3.314610813       300.0000000       10.49823551     -0.6256076564       20.28781304     -0.8652931093E-02 -0.2217872159E-01  0.4931936182E-04
  -3.309610813       300.0000000       8.654502553     -0.5155945333       16.72267097     -0.7131481168E-02 -0.1828126534E-01  0.4065528182E-04
  -3.304610813       300.0000000       7.135044741     -0.4248535578       13.78385917     -0.5876960421E-02 -0.1506815483E-01  0.3351266842E-04
  -3.299610813       300.0000000       5.882998121     -0.3500037787       11.36147608     -0.4842509347E-02 -0.1241934599E-01  0.2762480809E-04
  -3.294610813       300.0000000       4.851484401     -0.2882528580       9.364878800     -0.3989457473E-02 -0.1023580167E-01  0.2277165266E-04
  -3.289610813       300.0000000       4.001867466     -0.2372947518       7.719320159     -0.3285894332E-02 -0.8435829144E-02  0.1877169604E-04
  -3.284610813       300.0000000       3.302314185     -0.1952248526       6.363169978     -0.2705487045E-02 -0.6952051188E-02  0.1547525435E-04
  -3.279610813       300.0000000       2.726607115     -0.1604696587       5.245620186     -0.2226502397E-02 -0.5728902704E-02  0.1275891106E-04
  -3.274610813       300.0000000       2.253165609     -0.1317285036       4.324790350     -0.1830998246E-02 -0.4720562575E-02  0.1052092796E-04
  -3.269610813       300.0000000       1.864239353     -0.1079252755       3.566164350     -0.1504154976E-02 -0.3889245761E-02  0.8677456110E-05
  -3.264610813       300.0000000       1.545244571     -0.8816839484E-01   2.941300762     -0.1233722599E-02 -0.3203793259E-02  0.7159408952E-05
  -3.259610813       300.0000000       1.284218313     -0.7171760170E-01   2.426769409     -0.1009563269E-02 -0.2638508203E-02  0.5909883088E-05
  -3.254610813       300.0000000       1.071370615     -0.5795634319E-01   2.003274742     -0.8232723448E-03 -0.2172195217E-02  0.4882032029E-05
  -3.249610813       300.0000000      0.8987178417     -0.4636875026E-01   1.654933542     -0.6678640227E-03 -0.1787367536E-02  0.4037314428E-05
  -3.244610813       300.0000000      0.7597835985     -0.3652035653E-01   1.368680114     -0.5375098820E-03 -0.1469592498E-02  0.3344052005E-05
  -3.239610813       300.0000000      0.6493560371     -0.2804184725E-01   1.133776809     -0.4273206464E-03 -0.1206951109E-02  0.2776243671E-05
  -3.234610813       300.0000000      0.5632925110     -0.2061523645E-01  0.9414116662     -0.3331630344E-03 -0.9895915643E-03  0.2312591779E-05
  -3.229610813       300.0000000      0.4983642777     -0.1396195892E-01  0.7843681191     -0.2515048782E-03 -0.8093600928E-03  0.1935704261E-05
  -3.224610813       300.0000000      0.4521354465     -0.7832433739E-02  0.6567544599     -0.1792827298E-03 -0.6594953556E-03  0.1631442889E-05
  -3.219610813       300.0000000      0.4228716427     -0.1996710281E-02  0.5537829309     -0.1137870088E-03 -0.5343749748E-03  0.1388393359E-05
  -3.214610813       300.0000000      0.4094749727      0.3764152595E-02  0.4715901868     -0.5256039794E-04 -0.4293047262E-03  0.1197437385E-05
  -3.209610813       300.0000000      0.4114428561      0.9666296559E-02  0.4070924054      0.6694316222E-05 -0.3403425074E-03  0.1051410825E-05
  -3.204610813       300.0000000      0.4288491828      0.1593117020E-01  0.3578696239      0.6620040868E-04 -0.2641504928E-03  0.9448350379E-06
  -3.199610813       300.0000000      0.4623470939      0.2279383542E-01  0.3220749674      0.1281906149E-03 -0.1978699402E-03  0.8737114280E-06
  -3.194610813       300.0000000      0.5131934885      0.3051178493E-01  0.2983653682      0.1949908888E-03 -0.1390139593E-03  0.8353714774E-06
  -3.189610813       300.0000000      0.5832961776      0.3937460152E-01  0.2858511810      0.2691076599E-03 -0.8537422357E-04  0.8283766598E-06
  -3.184610813       300.0000000      0.6752854525      0.4971482078E-01  0.2840628036      0.3533218600E-03 -0.3493813042E-04  0.8524644814E-06
  -3.179610813       300.0000000      0.7926127513      0.6192040467E-01  0.2929330518      0.4507932440E-03  0.1418669598E-04  0.9085386264E-06
  -3.174610813       300.0000000      0.9396801190      0.7644929322E-01  0.3127946271      0.5651789157E-03  0.6384338815E-04  0.9987028408E-06
  -3.169610813       300.0000000       1.122005313      0.9384657938E-01  0.3443925785      0.7007704991E-03  0.1158949650E-03  0.1126339818E-05
  -3.164610813       300.0000000       1.346428738      0.1147649503      0.3889122257      0.8626550947E-03  0.1722941967E-03  0.1296238039E-05
  -3.159610813       300.0000000       1.621369957      0.1399891603      0.4480235835      0.1056906047E-02  0.2351568209E-03  0.1514771318E-05
  -3.154610813       300.0000000       1.957143383      0.1704654505      0.5239439473      0.1290810667E-02  0.3068408469E-03  0.1790137760E-05
  -3.149610813       300.0000000       2.366344951      0.2073370157      0.6195209775      0.1573143418E-02  0.3900349128E-03  0.2132667073E-05
  -3.144610813       300.0000000       2.864324236      0.2519868430      0.7383393803      0.1914494801E-02  0.4878589903E-03  0.2555207721E-05
  -3.139610813       300.0000000       3.469759648      0.3060895205      0.8848551637      0.2327668185E-02  0.6039811898E-03  0.3073608365E-05
  -3.134610813       300.0000000       4.205358170      0.3716739482       1.064562467      0.2828159435E-02  0.7427550079E-03  0.3707311568E-05
  -3.129610813       300.0000000       5.098705721      0.4511992835       1.284199166      0.3434737176E-02  0.9093821066E-03  0.4480081884E-05
  -3.124610813       300.0000000       6.183299800      0.5476469444       1.551998888      0.4170145301E-02  0.1110106647E-02  0.5420895432E-05
  -3.119610813       300.0000000       7.499802787      0.6646320812       1.877998769      0.5061953824E-02  0.1352448339E-02  0.6565024003E-05
  -3.114610813       300.0000000       9.097562368      0.8065386378       2.274414313      0.6143589597E-02  0.1645482763E-02  0.7955353913E-05
  -3.109610813       300.0000000       11.03645535      0.9786829818       2.756095165      0.7455585014E-02  0.2000179201E-02  0.9643988370E-05
  -3.104610813       300.0000000       13.38912279       1.187512112       3.341078498      0.9047090688E-02  0.2429808251E-02  0.1169419244E-04
  -3.099610813       300.0000000       16.24367871       1.440843685       4.051260206      0.1097770764E-01  0.2950433906E-02  0.1418275209E-04
  -3.094610813       300.0000000       19.70699119       1.748156591       4.913208233      0.1331970592E-01  0.3581507689E-02  0.1720283354E-04
  -3.089610813       300.0000000       23.90865547       2.120942547       5.959147318      0.1616071017E-01  0.4346585818E-02  0.2086744695E-04
  -3.084610813       300.0000000       29.00580232       2.573131304       7.228150268      0.1960694906E-01  0.5274194419E-02  0.2531363952E-04
  -3.079610813       300.0000000       35.18891406       3.121604514       8.767577764      0.2378718458E-01  0.6398872421E-02  0.3070756826E-04
  -3.074610813       300.0000000       42.68885432       3.786816200       10.63481677      0.2885746025E-01  0.7762427158E-02  0.3725063224E-04
  -3.069610813       300.0000000       51.78535775       4.593541185       12.89937699      0.3500683375E-01  0.9415443734E-02  0.4518687911E-04
  -3.064610813       300.0000000       62.81727224       5.571776698       15.64541545      0.4246429083E-01  0.1141909593E-01  0.5481194126E-04
  -3.059610813       300.0000000       76.19490007       6.757826799       18.97477166      0.5150707308E-01  0.1384731362E-01  0.6648380387E-04
  -3.054610813       300.0000000       92.41484535       8.195604208       23.01060866      0.6247069242E-01  0.1678936903E-01  0.8063576071E-04
  -3.049610813       300.0000000       112.0778437       9.938189422       27.90177031      0.7576095091E-01  0.2035295128E-01  0.9779197310E-04
  -3.044610813       300.0000000       135.9101240       12.04969256       33.82797903      0.9186833236E-01  0.2466780401E-01  0.1185861129E-03
  -3.039610813       300.0000000       164.7889316       14.60746878       41.00601257      0.1113851837      0.2989000410E-01  0.1437836391E-03
  -3.034610813       300.0000000       199.7729171       17.70474266       49.69700907      0.1350261520      0.3620695671E-01  0.1743083253E-03
  -3.029610813       300.0000000       242.1381674       21.45370002       60.21505516      0.1636523866      0.4384317117E-01  0.2112737186E-03
  -3.024610813       300.0000000       293.4207005       25.98910502       72.93720694      0.1983000387      0.5306685706E-01  0.2560202530E-03
  -3.019610813       300.0000000       355.4662583       31.47249506       88.31507192      0.2402135926      0.6419733443E-01  0.3101587541E-03
  -3.014610813       300.0000000       430.4881720       38.09699123       106.8880319      0.2908845042      0.7761317457E-01  0.3756210302E-03
  -3.009610813       300.0000000       521.1339138       46.09273483       129.2980983      0.3520955008      0.9376086623E-01  0.4547181120E-03
  -3.004610813       300.0000000       630.5606259       55.73291377       156.3062475      0.4259706471      0.1131636173      0.5502064470E-03
  -2.999610813       300.0000000       762.5193627       67.34026882       188.8098532      0.5150308760      0.1364296324      0.6653619008E-03
  -2.994610813       300.0000000       921.4469046       81.29385862       227.8605010      0.6222540442      0.1642588270      0.8040607145E-03
  -2.989610813       300.0000000       1112.562688       98.03570296       274.6809874      0.7511376270      0.1974464226      0.9708655142E-03
  -2.984610813       300.0000000       1341.966528       118.0767034       330.6796508      0.9057608374      0.2368811950      0.1171113002E-02
  -2.979610813       300.0000000       1616.730286       142.0009503       397.4593324       1.090841166      0.2835353168      0.1410998005E-02
  -2.974610813       300.0000000       1944.973357       170.4671630       476.8172089       1.311778068      0.3384417852      0.1697646124E-02
  -2.969610813       300.0000000       2335.907969       204.2055869       570.7305388       1.574673800      0.4026544525      0.2039164422E-02
  -2.964610813       300.0000000       2799.835863       244.0082287       681.3221485       1.886318503      0.4771848992      0.2444656715E-02
  -2.959610813       300.0000000       3348.073794       290.7099284       810.7985009       2.254123858      0.5629101479      0.2924187698E-02
  -2.954610813       300.0000000       3992.782152       345.1575698       961.3528608       2.685987907      0.6604460401      0.3488679198E-02
  -2.949610813       300.0000000       4746.670524       408.1649166       1135.026979       3.190073866      0.7699836393      0.4149723624E-02
  -2.944610813       300.0000000       5622.557917       480.4513567       1333.527536       3.774489383      0.8910909760      0.4919305437E-02
  -2.939610813       300.0000000       6632.775348       562.5644593       1557.998979       4.446860943       1.022490253      0.5809432215E-02
  -2.934610813       300.0000000       7788.415836       654.7888406       1808.762618       5.213811653       1.161831122      0.6831692602E-02
  -2.929610813       300.0000000       9098.460728       757.0472798       2085.042494       6.080369007       1.305492538      0.7996777075E-02
  -2.924610813       300.0000000       10568.83883       868.8039126       2384.710084       7.049349701       1.448456368      0.9314014743E-02
  -2.919610813       300.0000000       12201.50015       988.9828158       2704.089602       8.120786775       1.584301481      0.1079098887E-01
  -2.914610813       300.0000000       13993.60191       1115.917293       3037.870142       9.291474249       1.705363259      0.1243328881E-01
  -2.909610813       300.0000000       15936.90393       1247.344593       3379.166745       10.55470071       1.803087563      0.1424443284E-01
  -2.904610813       300.0000000       18017.45114       1380.456975       3719.758204       11.90022357       1.868580124      0.1622595623E-01
  -2.899610813       300.0000000       20215.58520       1512.013093       4050.505667       13.31450215       1.893316528      0.1837761147E-01
  -2.894610813       300.0000000       22506.28493       1638.504675       4361.926930       14.78116742       1.869942053      0.2069758540E-01
  -2.889610813       300.0000000       24859.79610       1756.364120       4644.872310       16.28166904       1.793063565      0.2318261657E-01
  -2.884610813       300.0000000       27242.48617       1862.190972       4891.225639       17.79601469       1.659925125      0.2582790295E-01
  -2.879610813       300.0000000       29617.85066       1952.970938       5094.543353       19.30350901       1.470868417      0.2862672615E-01
  -2.874610813       300.0000000       31947.60343       2026.261308       5250.548773       20.78340993       1.229507537      0.3156977492E-01
  -2.869610813       300.0000000       34192.79506       2080.321503       5357.417812       22.21544485      0.9425899811      0.3464421487E-01
  -2.864610813       300.0000000       36314.91642       2114.176200       5415.823385       23.58016313      0.6195637662      0.3783260945E-01
  -2.859610813       300.0000000       38276.95400       2127.609523       5428.743268       24.85913722      0.2719153645      0.4111183906E-01
  -2.854610813       300.0000000       40044.37089       2121.099811       5401.072368       26.03505624     -0.8762418719E-01  0.4445218366E-01
  -2.849610813       300.0000000       41585.99629       2095.713200       5339.107441       27.09177909     -0.4458934278      0.4781673100E-01
  -2.844610813       300.0000000       42874.81923       2052.978877       5249.984876       28.01442547     -0.7900298062      0.5116124934E-01
  -2.839610813       300.0000000       43888.69907       1994.768741       5141.148463       28.78958090      -1.108033987      0.5443462950E-01
  -2.834610813       300.0000000       44611.02135       1923.199714       5019.907082       29.40567777      -1.389125627      0.5757996371E-01
  -2.829610813       300.0000000       45031.33468       1840.569551       4893.117895       29.85358734      -1.623887543      0.6053629352E-01
  -2.824610813       300.0000000       45145.99578       1749.328364       4767.005284       30.12742151      -1.804231691      0.6324102674E-01
  -2.819610813       300.0000000       44958.82121       1652.079803       4647.104680       30.22549675      -1.923247738      0.6563298665E-01
  -2.814610813       300.0000000       44481.69552       1551.599158       4538.305665       30.15136136      -1.975010344      0.6765600291E-01
  -2.809610813       300.0000000       43735.02604       1450.851566       4444.960525       29.91473341      -1.954423601      0.6926286962E-01
  -2.804610813       300.0000000       42747.87620       1352.992665       4371.021073       29.53215260      -1.857170158      0.7041937567E-01
  -2.799610813       300.0000000       41557.57319       1261.336898       4320.166677       29.02712658      -1.679809111      0.7110796767E-01
  -2.794610813       300.0000000       40208.59210       1179.284784       4295.888936       28.42956821      -1.420033144      0.7133047206E-01
  -2.789610813       300.0000000       38750.58324       1110.208658       4301.503727       27.77438687      -1.077057041      0.7110924131E-01
  -2.784610813       300.0000000       37235.53778       1057.304185       4340.070110       27.09921641     -0.6520749601      0.7048616791E-01
  -2.779610813       300.0000000       35714.26097       1023.419981       4414.208609       26.44142031     -0.1487022670      0.6951927469E-01
  -2.774610813       300.0000000       34232.50748       1010.878292       4525.827948       25.83467992      0.4266841476      0.6827702944E-01
  -2.769610813       300.0000000       32827.27813       1021.296662       4675.786815       25.30560306       1.064775050      0.6683105304E-01
  -2.764610813       300.0000000       31523.83234       1055.416909       4863.531594       24.87084810       1.753364527      0.6524833663E-01
  -2.759610813       300.0000000       30333.90662       1112.947294       5086.758258       24.53521942       2.477596057      0.6358429143E-01
  -2.754610813       300.0000000       29255.45058       1192.428728       5341.145178       24.29105688       3.220397135      0.6187782779E-01
  -2.749610813       300.0000000       28273.93707       1291.144979       5620.195233       24.11903954       3.963065945      0.6014922030E-01
  -2.744610813       300.0000000       27365.03420       1405.105184       5915.215002       23.99029933       4.685968514      0.5840090061E-01
  -2.739610813       300.0000000       26498.20937       1529.128850       6215.450573       23.86953897       5.369305666      0.5662072271E-01
  -2.734610813       300.0000000       25640.71535       1657.054850       6508.395202       23.71871248       5.993913046      0.5478683294E-01
  -2.729610813       300.0000000       24761.40330       1782.077381       6780.280603       23.50077662       6.542062960      0.5287313220E-01
  -2.724610813       300.0000000       23833.90343       1897.188016       7016.754739       23.18306045       6.998241809      0.5085442296E-01
  -2.719610813       300.0000000       22838.87612       1995.680659       7203.729142       22.73990994       7.349878296      0.4871060206E-01
  -2.714610813       300.0000000       21765.21943       2071.661435       7328.347289       22.15441402       7.587992324      0.4642958057E-01
  -2.709610813       300.0000000       20610.28388       2120.501551       7379.989052       21.41917154       7.707722577      0.4400889168E-01
  -2.704610813       300.0000000       19379.26321       2139.178214       7351.196244       20.53618419       7.708677270      0.4145613416E-01
  -2.699610813       300.0000000       18083.99074       2126.464622       7238.393167       19.51603952       7.595046225      0.3878848286E-01
  -2.694610813       300.0000000       16741.37896       2082.951308       7042.290782       18.37657870       7.375421275      0.3603150214E-01
  -2.689610813       300.0000000       15371.71129       2010.903752       6767.902839       17.14123626       7.062299465      0.3321746039E-01
  -2.684610813       300.0000000       13996.94843       1913.981482       6424.158315       15.83721124       6.671285525      0.3038330000E-01
  -2.679610813       300.0000000       12639.16461       1796.858958       6023.154409       14.49359925       6.220057168      0.2756839257E-01
  -2.674610813       300.0000000       11319.19131       1664.796794       5579.145780       13.13959345       5.727196785      0.2481221035E-01
  -2.669610813       300.0000000       10055.51982       1523.212852       5107.399484       11.80285123       5.211015907      0.2215206449E-01
  -2.664610813       300.0000000       8863.496242       1377.297155       4623.056281       10.50811676       4.688498679      0.1962108018E-01
  -2.659610813       300.0000000       7754.826273       1231.703860       4140.127044       9.276178353       4.174467874      0.1724657858E-01
  -2.654610813       300.0000000       6737.388681       1090.339625       3670.721394       8.123215892       3.681037463      0.1504900295E-01
  -2.649610813       300.0000000       5815.333623       956.2530110       3224.561547       7.060556538       3.217369041      0.1304146233E-01
  -2.644610813       300.0000000       4989.418940       831.6163858       2808.787137       6.094812381       2.789705803      0.1122988304E-01
  -2.639610813       300.0000000       4257.519016       717.7821573       2428.016000       5.228332183       2.401625792      0.9613678516E-02
  -2.634610813       300.0000000       3615.231767       615.3901301       2084.598611       4.459870993       2.054440090      0.8186790315E-02
  -2.629610813       300.0000000       3056.511617       524.5023155       1778.992849       3.785371923       1.747661137      0.6938928940E-02
  -2.624610813       300.0000000       2574.268431       444.7446759       1510.189360       3.198763157       1.479477764      0.5856852828E-02
  -2.619610813       300.0000000       2160.890353       375.4405020       1276.131371       2.692695018       1.247191085      0.4925557328E-02
  -2.614610813       300.0000000       1808.667758       315.7258851       1074.090756       2.259169084       1.047584237      0.4129290298E-02
  -2.609610813       300.0000000       1510.112361       264.6429002       900.9797486       1.890037429      0.8772151472      0.3452354906E-02
  -2.604610813       300.0000000       1258.177881       221.2100235       753.5920202       1.577370752      0.7326334381      0.2879695724E-02
  -2.599610813       300.0000000       1046.396105       184.4718294       628.7766541       1.313707950      0.6105299177      0.2397288059E-02
  -2.594610813       300.0000000       868.9453545       153.5313066       523.5541799       1.092206879      0.5078305786      0.1992363232E-02
  -2.589610813       300.0000000       720.6684438       127.5685200       435.1860615      0.9067182336      0.4217477221      0.1653506532E-02
  -2.584610813       300.0000000       597.0554120       105.8491559       361.2090369      0.7518033206      0.3497998302      0.1370662802E-02
  -2.579610813       300.0000000       494.2036345       87.72598942       299.4444353      0.6227135595      0.2898099876      0.1135079759E-02
  -2.574610813       300.0000000       408.7650607       72.63571705       247.9907750      0.5153459603      0.2398905866      0.9392130903E-03
  -2.569610813       300.0000000       337.8876895       60.09300246       205.2060519      0.4261853263      0.1984201049      0.7766113992E-03
  -2.564610813       300.0000000       279.1561874       49.68307441       169.6844192      0.3522408474      0.1640160785      0.6417938399E-03
  -2.559610813       300.0000000       230.5348133       41.05379541       140.2305343      0.2909822652      0.1355070619      0.5301290483E-03
  -2.554610813       300.0000000       190.3145221       33.90780115       115.8337478      0.2402788810      0.1119053636      0.4377207181E-03
  -2.549610813       300.0000000       157.0651937       27.99507555       95.64347999      0.1983432935      0.9238161147E-01  0.3613028184E-03
  -2.544610813       300.0000000       129.5933124       23.10616094       78.94654931      0.1636807800      0.7624169507E-01  0.2981458087E-03
  -2.539610813       300.0000000       106.9050190       19.06609076       65.14681088      0.1350445882      0.6290629219E-01  0.2459741180E-03
  -2.534610813       300.0000000       88.17421479       15.72905973       53.74720280      0.1113970011      0.5189296885E-01  0.2028944824E-03
  -2.529610813       300.0000000       72.71527331       12.97380230       44.33413289      0.9187579451E-01  0.4280071454E-01  0.1673343416E-03
  -2.524610813       300.0000000       59.95985645       10.69962526       36.56404507      0.7576558651E-01  0.3529670382E-01  0.1379893092E-03
  -2.519610813       300.0000000       49.43732981       8.823028589       30.15195714      0.6247353065E-01  0.2910504601E-01  0.1137786643E-03
  -2.514610813       300.0000000       40.75829330       7.274845289       24.86174507      0.5150880529E-01  0.2399727957E-01  0.9380783473E-04
  -2.509610813       300.0000000       33.60078239       5.997832473       20.49795093      0.4246538152E-01  0.1978437762E-01  0.7733690293E-04
  -2.504610813       300.0000000       27.69874151       4.944650694       16.89890470      0.3500759643E-01  0.1631004948E-01  0.6375425664E-04
  -2.499610813       300.0000000       22.83241873       4.076174376       13.93096880      0.2885810941E-01  0.1344514500E-01  0.5255460404E-04
  -2.494610813       300.0000000       18.82037750       3.360082806       11.48373558      0.2378787121E-01  0.1108299165E-01  0.4332067099E-04
  -2.489610813       300.0000000       15.51286390       2.769687616       9.466028716      0.1960778515E-01  0.9135516536E-02  0.3570799120E-04
  -2.484610813       300.0000000       12.78630665       2.282958746       7.802580268      0.1616178580E-01  0.7530026462E-02  0.2943228546E-04
  -2.479610813       300.0000000       10.53876153       1.881716446       6.431273239      0.1332110138E-01  0.6206538033E-02  0.2425900191E-04
  -2.474610813       300.0000000       8.686141324       1.550961796       5.300856208      0.1097950246E-01  0.5115566141E-02  0.1999465591E-04
  -2.469610813       300.0000000       7.159098074       1.278322515       4.369051137      0.9049370681E-02  0.4216293833E-02  0.1647966577E-04
  -2.464610813       300.0000000       5.900446481       1.053594577       3.600987987      0.7458448298E-02  0.3475058875E-02  0.1358242989E-04
  -2.459610813       300.0000000       4.863035451      0.8683633082       2.967910569      0.6147152150E-02  0.2864102975E-02  0.1119443295E-04
  -2.454610813       300.0000000       4.007990611      0.7156903421       2.446107232      0.5066355127E-02  0.2360538586E-02  0.9226204231E-05
  -2.449610813       300.0000000       3.303263629      0.5898551147       2.016027722      0.4175554451E-02  0.1945495784E-02  0.7603980749E-05
  -2.444610813       300.0000000       2.722435090      0.4861414571       1.661554077      0.3441359821E-02  0.1603418080E-02  0.6266953390E-05
  -2.439610813       300.0000000       2.243726846      0.4006614792       1.369398873      0.2836245902E-02  0.1321481315E-02  0.5164994572E-05
